[test] Creating random B...

dBx/dx = 0.271800 uG/cm
dBy/dx = 0.636542 uG/cm
dBz/dx = 0.282286 uG/cm
dBx/dy = 0.718356 uG/cm
dBy/dy = 0.425249 uG/cm
dBz/dy = 0.063694 uG/cm
dBx/dz = 0.724007 uG/cm
dBy/dz = 0.666559 uG/cm
dBz/dz = 0.368106 uG/cm

[test] Writing file...
[test] Need to write 400 points.
[test] Done.
